7
9
13
17
19
20
21
22
23
25
26
37
53
67
68
69
79
80
81
82
83
84
85
88
89
90
110
111
113
119
123
135
137
138
139
143
161
162
179
194
201
264
311
318
389
443
445
464
465
488
500
502
513
514
515
520
524
530
540
548
554
563
587
591
593
631
636
639
646
873
902
953
989
990
993
995
1000
1024
1025
1026
1027
1028
1029
1080
1099
1110
1194
1433
1434
1521
1522
1525
1527
1723
1883
1900
2049
2082
2083
2086
2087
2121
2181
2222
2375
2376
2379
2525
3000
3001
3030
3128
3268
3269
3306
3389
3535
4000
4040
4194
4200
4369
4500
4567
5000
5001
5357
5432
5433
5555
5601
5672
5683
5900
5901
5902
5903
5910
5911
5938
5984
6000
6001
6379
6380
6443
7000
7001
7070
7071
7077
7080
7199
7474
8000
8001
8002
8003
8004
8005
8008
8009
8010
8020
8042
8080
8081
8082
8083
8085
8086
8088
8089
8090
8091
8100
8101
8102
8103
8161
8181
8200
8201
8222
8300
8301
8333
8443
8500
8501
8600
8700
8800
8880
8888
8889
8900
8983
9000
9001
9002
9010
9042
9043
9050
9080
9081
9090
9091
9100
9101
9160
9200
9201
9300
9400
9443
9500
9501
9600
9700
9800
9876
9981
9999
10000
10001
10002
10080
10250
10255
10257
10259
10443
11000
11111
11211
12000
12345
13000
14000
15000
16000
17000
18000
19000
19132
20000
20001
21000
22000
22222
23000
24000
24007
25000
25565
26000
26257
27000
27017
27018
27019
28000
28017
29000
32768
33060
49152
49153
49154
50000
50070
